0 1000 O C -0.009384 -0.0152 -0.0228 -9.4744 1.9184 -0.0721 -0.5245 0 -1.4007 -0.5509 -0.0442 1.0209 0.5551
0 1000 O F -0.0104 -0.0168 -0.0252 -12.9750 1.7816 -0.4834 -0.9568 0 -2.0827 -0.4612 0 0.8416 0.5444
0 1000 I C -0.008808 -0.0162 -0.0189 -12.1791 0.8239 -1.4659 -0.1926 0.1048 -0.8545 -0.3005 -0.2572 0.7774 0.5227
0 1000 I F -0.0134 -0.0197 -0.0197 -13.4878 0.4922 -1.8344 -0.4012 0 -1.6040 -0.1404 -0.2025 0.9089 0.5634
0 1500 O C -0.007465 -0.0157 -0.0222 -9.9863 0.8824 0.1511 -0.2507 0.1238 -0.9831 -0.2399 0 1.0786 0.5961
0 1500 O F -0.005298 -0.0155 -0.0228 -12.2526 0.7949 0 -0.7155 -0.1073 -1.8130 -0.4564 0 0.7541 0.6185
0 1500 I C -0.008161 -0.0183 -0.0214 -13.9618 0.6275 -1.6350 -0.3267 0 -1.0198 0 -0.0730 1.1912 0.5184
0 1500 I F -0.007194 -0.0170 -0.0206 -13.2069 0.3836 -1.4191 0 0.2844 -0.9466 0.4414 0 0.7896 0.5981
0 500 O C -0.0125 -0.0175 -0.0263 -5.9422 1.4109 -0.4496 -0.9075 -0.1630 -1.3457 -0.5759 0.0523 0.9229 0.6153
0 500 O F -0.007424 -0.0160 -0.0240 -7.7460 1.3371 -0.9830 -0.9473 0 -1.6669 -0.4747 -0.0469 0.6871 0.6426
0 500 I C -0.007761 -0.0189 -0.0283 -8.9307 1.0107 -1.7622 -0.5081 0 -0.7485 -0.3660 -0.1239 0.3850 0.5332
0 500 I F -0.000599 -0.0169 -0.0253 -11.1431 0.8875 -2.1422 -0.5794 -0.1804 -1.5434 -0.3426 -0.1822 0.4325 0.5430
1 1000 O C -0.007674 -0.0143 -0.0214 -8.6754 1.2001 -0.5524 -1.0682 -0.2181 -1.8074 -0.5607 0 0.9305 0.5910
1 1000 O F -0.006158 -0.0151 -0.0226 -11.6702 1.5938 -0.7422 -0.8404 0 -1.5854 -0.1763 0 0.8797 0.6118
1 1000 I C -0.0102 -0.0171 -0.0257 -10.1936 1.1133 -1.6145 -0.4411 0 -1.4301 -0.5227 -0.2092 0.8342 0.5362
1 1000 I F -0.0161 -0.0226 -0.0271 -14.4855 1.0484 -2.2271 -0.6792 0 -2.5410 -0.4243 -0.1847 0.6333 0.5102
1 1500 O C -0.008925 -0.0153 -0.0178 -8.0262 1.1571 -0.1773 -0.4783 0 -1.3625 -0.4394 0 1.4095 0.5707
1 1500 O F -0.009507 -0.0161 -0.0161 -11.6876 1.4555 -0.4632 -0.7983 0 -1.7323 -0.2725 0 1.1084 0.6200
1 1500 I C -0.0138 -0.0198 -0.0201 -10.7135 0.2483 -1.4543 -0.3739 0 -1.4052 -0.4092 -0.0976 1.1353 0.5077
1 1500 I F -0.0132 -0.0211 -0.0211 -14.6496 0.6112 -1.7325 -0.5484 0 -2.7457 -0.5131 -0.1988 0.9380 0.5458
1 2000 O C -0.0150 -0.0187 -0.0207 -6.5227 1.1348 0 -0.5751 0 -0.8271 0 0.2329 1.8473 0.6010
1 2000 O F -0.0121 -0.0175 -0.0219 -13.4347 0.6539 -0.1300 -0.7654 0 -1.6962 -0.3153 0 0.8446 0.6466
1 2000 I C -0.0112 -0.0187 -0.0280 -10.2573 0.9408 -1.4959 -0.8940 -0.2087 -1.7421 -0.4859 0 1.6597 0.5069
1 2000 I F -0.0143 -0.0199 -0.0249 -13.3711 -1.4981 -0.8952 -0.4311 0 -0.5895 1.0705 0.5685 1.0956 0.5668
1 500 O C -0.000326 -0.0150 -0.0184 -7.1945 0.8262 -0.7241 -1.1816 -0.4001 -2.1155 -0.6213 0 0.7830 0.5819
1 500 O F -0.005775 -0.0171 -0.0257 -10.1255 0.8510 -1.1721 -1.1748 -0.2850 -2.5536 -0.4157 0 0.8200 0.5555
1 500 I C -0.001793 -0.0181 -0.0272 -9.6577 0.5651 -2.1897 -0.5661 0 -1.1371 -0.3630 -0.1754 0.5766 0.4834
1 500 I F -0.009187 -0.0207 -0.0311 -12.6101 0.2693 -2.5206 -0.4072 0.1936 -2.0187 -0.1410 -0.3088 0.7504 0.4279
2 1500 O C -0.0119 -0.0153 -0.0188 -9.2811 1.2752 -0.2517 -0.6185 -0.1885 -1.4366 -0.4683 0 0.9904 0.6497
2 1500 O F -0.0147 -0.0172 -0.0201 -14.4404 1.2710 -0.1656 -0.4728 0.1061 -1.5208 -0.1632 0 0.9683 0.6134
2 1500 I C -0.0131 -0.0183 -0.0232 -13.4190 1.1794 -0.8413 0 0.2230 -1.4227 -0.1031 0 1.2946 0.5029
2 1500 I F -0.0164 -0.0227 -0.0273 -20.5212 1.4725 -1.1659 0 0.2711 -2.5392 0.0501 0 0.9133 0.4562
2 2000 O C -0.0135 -0.0162 -0.0200 -10.3103 1.2579 -0.1227 -0.5021 0 -1.3031 -0.4050 0.1361 0.8516 0.5936
2 2000 O F -0.009970 -0.0139 -0.0151 -13.2328 1.3310 0.3216 -0.1131 0.3088 -0.9386 0 0 0.7928 0.6335
2 2000 I C -0.0176 -0.0210 -0.0249 -12.9227 1.1571 -0.6880 0 0 -1.1389 0.0733 0.0741 1.3103 0.5126
2 2000 I F -0.0146 -0.0206 -0.0234 -19.1409 1.0950 -0.9065 0 0.1701 -2.1009 0.2364 0.0976 0.9262 0.4831
2 2500 O C -0.0161 -0.0163 -0.0225 -7.9342 2.1768 0 -0.5274 0 -1.0296 0 0 1.4237 0.6521
2 2500 O F -0.0139 -0.0165 -0.0211 -11.5330 1.3429 0.7535 -0.1946 0.2480 -1.0338 0 0 1.0385 0.6769
2 2500 I C -0.0164 -0.0210 -0.0231 -11.3726 1.2650 -0.7202 -0.4637 0 -1.3006 0.2823 0.2790 1.8871 0.4896
2 2500 I F -0.0134 -0.0195 -0.0227 -15.6228 0.9756 -0.3279 -0.3859 0.1560 -1.5193 0.2378 0 0.8351 0.6085
2 3000 O C -0.0178 -0.0194 -0.0201 -4.8064 0.1667 0.2837 -0.2705 0 -1.0836 -0.4692 -0.1975 1.9547 0.8010
2 3000 O F -0.0187 -0.0214 -0.0243 -12.5178 0.1888 0.5802 -0.5274 0 -1.0349 0 0.2240 1.5829 0.6343
2 3000 I C -0.0241 -0.0245 -0.0268 -9.1788 -0.1321 -0.6813 0 -0.2291 -0.7422 0.6305 0 2.6467 0.5948
2 3000 I F -0.0222 -0.0255 -0.0277 -17.4346 -0.1393 -0.9595 -0.3029 -0.1805 -1.4641 0.6795 0 2.1288 0.5283
3 2000 O C -0.0124 -0.0151 -0.0178 -10.4304 1.3631 0 -0.4609 -0.3815 -1.7336 -0.6116 -0.0827 1.1912 0.6325
3 2000 O F -0.0132 -0.0167 -0.0230 -15.2024 1.6337 0 -0.7284 -0.1640 -2.1640 -0.4534 0 0.8650 0.6250
3 2000 I C -0.0166 -0.0203 -0.0257 -15.1989 1.1180 -0.5201 -0.1881 -0.1517 -1.0332 0.3504 0.2260 1.0247 0.4750
3 2000 I F -0.0131 -0.0186 -0.0251 -14.1869 1.2438 -0.5468 -0.3836 0 -1.5527 0.3316 0.2296 1.0496 0.5393
3 2500 O C -0.0120 -0.0157 -0.0173 -10.5892 1.8630 0 -0.3820 0 -1.4658 -0.3130 0 1.0528 0.5933
3 2500 O F -0.0106 -0.0148 -0.0173 -13.3694 1.5691 0.2001 -0.3772 0.2354 -1.5917 -0.2644 0 1.0644 0.5965
3 2500 I C -0.0150 -0.0188 -0.0216 -14.4164 1.4154 -0.5575 -0.4010 0 -0.6785 0.4993 0.1619 1.0824 0.4441
3 2500 I F -0.0149 -0.0198 -0.0263 -16.9593 1.4192 -0.6462 -0.5424 0 -1.4782 0.3104 0.1337 0.8641 0.4923
3 3000 O C -0.0137 -0.0165 -0.0186 -8.3223 1.4217 0.1471 -0.4817 0 -1.7523 -0.5394 0 1.3617 0.6090
3 3000 O F -0.0137 -0.0168 -0.0198 -15.7843 1.1314 0.5129 -0.0745 0.2977 -1.0807 0 0 0.6814 0.6152
3 3000 I C -0.0120 -0.0178 -0.0206 -11.9793 1.6680 -0.6756 -0.6226 -0.1338 -0.6161 0.1274 0 1.5979 0.4715
3 3000 I F -0.0179 -0.0211 -0.0242 -16.2305 2.4869 -0.2653 -0.9792 0 -1.1448 0.6651 0.1608 1.2324 0.5169
5 5000 O C -0.0109 -0.0111 -0.0147 -7.1069 2.3020 0 0 0 0 0 0 1.5176 0.7023
5 5000 O F -0.0119 -0.0129 -0.0157 -12.8670 2.0090 0 0 0 0 0 0 0.8425 0.8107
5 5000 I C -0.006017 -0.0161 -0.0200 -17.8555 14.4177 0 3.1681 0 3.8740 -0.8900 -1.3444 1.0610 0.3729
5 5000 I F -0.0161 -0.0195 -0.0232 -15.3340 4.7465 -1.2745 1.0196 0 1.2479 0 -0.5685 1.8265 0.4781
-1 1000 O C -0.009154 -0.0163 -0.0163 -8.1933 1.2017 0 -0.3765 -0.0461 -1.6767 -0.7918 -0.2319 0.9456 0.6260
-1 1000 O F -0.0109 -0.0172 -0.0257 -10.9662 1.2260 -0.1301 -0.5187 0.0921 -1.8673 -0.5786 -0.1236 0.8904 0.6112
-1 1000 I C -0.0101 -0.0174 -0.0183 -11.3704 0.6642 -1.8936 -0.7127 -0.1590 -1.2234 -0.4708 -0.2046 0.9154 0.5094
-1 1000 I F -0.008140 -0.0180 -0.0200 -15.5097 0.7188 -2.1041 -0.4487 0 -1.4541 0 -0.1222 0.8806 0.5154
-1 1500 O C -0.0132 -0.0167 -0.0251 -8.1131 1.7559 0.3305 -0.2311 -0.1107 -1.2268 -0.2682 0 1.2248 0.6315
-1 1500 O F -0.0111 -0.0167 -0.0195 -11.8358 1.2641 0.1815 -0.5243 0 -1.7932 -0.4814 0 0.8226 0.6589
-1 1500 I C -0.0115 -0.0167 -0.0168 -12.2751 1.2017 -1.3606 0 0.2237 -0.5881 0 0.0108 0.7819 0.5629
-1 1500 I F -0.0154 -0.0196 -0.0234 -13.3352 0.8689 -1.9479 -0.4932 0 -1.7872 0 -0.0492 1.1825 0.5741
-1 2000 O C -0.0150 -0.0177 -0.0266 -6.1769 0.5374 0 -0.8253 -0.5355 0 0.5175 0.3106 1.3354 0.8109
-1 2000 O F -0.0129 -0.0176 -0.0232 -14.5585 0.5341 0.8084 -0.3781 0 0 0.5615 0.4550 0.8974 0.6299
-1 2000 I C -0.0155 -0.0202 -0.0237 -11.9789 -0.0354 -1.4891 -0.4394 0 -1.5197 -0.2108 0 0.7775 0.5915
-1 2000 I F -0.0143 -0.0211 -0.0234 -14.6617 -0.5280 -1.5251 -0.3975 0 -1.6603 0 0.0541 1.4544 0.5534
-1 500 O C -0.0102 -0.0203 -0.0215 -7.3380 1.1609 0 -0.6844 0 -2.0591 -1.1310 -0.3108 1.0742 0.4572
-1 500 O F -0.004257 -0.0187 -0.0280 -9.3599 0.8014 -0.7840 -0.8636 0 -1.9478 -0.5348 -0.1388 0.7228 0.5124
-1 500 I C 7.844E-19 -0.0145 -0.0218 -7.1963 0.7747 -1.7036 -0.5358 0 -0.9221 -0.4431 -0.1642 0.9549 0.5600
-1 500 I F -0.005961 -0.0165 -0.0247 -9.9993 0.5054 -1.8495 -0.6159 0 -1.1173 0.1605 0 0.6523 0.6337
-2 1500 O C -0.0103 -0.0169 -0.0218 -10.2942 1.4279 0.7575 -0.1295 0.1628 -0.8260 -0.2144 -0.0705 1.4284 0.5464
-2 1500 O F -0.0106 -0.0174 -0.0204 -16.0000 1.2280 0.5841 -0.3234 0.1472 -1.0716 -0.1204 0.1052 0.8772 0.5983
-2 1500 I C -0.0133 -0.0173 -0.0223 -14.9664 1.3494 -1.5806 -0.6608 -0.1388 -1.0334 -0.3136 0 0.7438 0.5576
-2 1500 I F -0.0159 -0.0214 -0.0214 -21.1501 1.8296 -1.8731 -0.3554 0 -1.5042 0 0 1.0630 0.5099
-2 2000 O C -0.0119 -0.0157 -0.0185 -10.2876 1.1972 0.7462 0 0.1618 -0.8329 -0.0515 0.0889 1.1499 0.5995
-2 2000 O F -0.0120 -0.0168 -0.0176 -14.8780 1.2838 0.6460 -0.4517 0 -0.9476 0 0.0669 1.0493 0.5730
-2 2000 I C -0.0158 -0.0186 -0.0212 -14.9718 1.2547 -1.4886 -0.3600 0 -1.1056 -0.2309 -0.0935 0.6679 0.5572
-2 2000 I F -0.0142 -0.0194 -0.0202 -19.0936 1.4127 -1.6919 -0.1555 0.1933 -1.6425 0 0 1.2494 0.5087
-2 2500 O C -0.0186 -0.0190 -0.0206 -10.1764 2.0314 1.3969 -0.2725 0 -0.2647 0.2654 0.1906 1.6059 0.5263
-2 2500 O F -0.0169 -0.0176 -0.0190 -15.5069 1.7033 0.7407 -0.8112 -0.0824 -0.3246 -0.1295 0 0.9956 0.5930
-2 2500 I C -0.0195 -0.0205 -0.0210 -14.5320 1.6529 -1.3482 -0.2562 0 -1.1958 0 0 1.2880 0.5584
-2 2500 I F -0.0159 -0.0197 -0.0238 -16.5980 1.2785 -0.7998 0.3834 0.3947 0 1.3076 0.4407 1.6067 0.5160
-3 2000 O C -0.0123 -0.0153 -0.0207 -11.1551 1.7842 0.7271 -0.2481 0.2389 0 0.1193 0.1133 1.0799 0.5873
-3 2000 O F -0.0146 -0.0177 -0.0231 -15.9089 1.4587 0.8110 -0.4453 0.1412 -0.0991 0.0831 0.2255 1.1060 0.5654
-3 2000 I C -0.0159 -0.0186 -0.0198 -13.0757 0.5146 -1.9524 -1.0439 -0.3926 -2.0818 -0.7446 0 1.1906 0.5628
-3 2000 I F -0.0182 -0.0218 -0.0267 -20.6191 1.2337 -2.0908 -0.7976 -0.2800 -2.5850 -0.3608 0 1.3373 0.5023
-3 2500 O C -0.0128 -0.0160 -0.0214 -10.1927 1.1601 0.8013 -0.4375 0 -0.1069 0.3069 0.1044 1.1458 0.6083
-3 2500 O F -0.0117 -0.0162 -0.0192 -14.1041 1.6066 0.8572 -0.6196 0 0 0.1295 0 0.7990 0.5994
-3 2500 I C -0.0135 -0.0179 -0.0215 -15.1313 1.0584 -1.9558 -0.9929 -0.2805 -2.0876 -0.6642 0 1.2993 0.5001
-3 2500 I F -0.0168 -0.0200 -0.0226 -16.8438 1.7408 -1.9294 -0.8519 -0.2772 -2.7796 -0.7185 -0.3708 1.1647 0.5573
-3 3000 O C -0.0131 -0.0164 -0.0187 -11.1150 1.1904 0.5970 -0.3855 0.2714 0 -0.1996 0 1.0818 0.5642
-3 3000 O F -0.0157 -0.0179 -0.0212 -16.1455 1.5093 0.6475 -0.8585 0.1067 0.1627 -0.1004 0 0.9582 0.5814
-3 3000 I C -0.0134 -0.0171 -0.0205 -15.0948 1.5910 -1.4986 -0.6169 0 -2.4393 -0.7648 -0.1486 1.0809 0.5373
-3 3000 I F -0.0181 -0.0203 -0.0220 -17.5119 2.0594 -1.4403 -0.3951 0 -2.2307 0 0 1.2505 0.5259
0 0 O C -0.0131 -0.0164 -0.0187 -11.1150 1.1904 0 0 0 0 0 0 1.0818 0.5642
0 0 O F -0.0157 -0.0179 -0.0212 -16.1455 1.5093 0 0 0 0 0 0 0.9582 0.5814
0 0 I C -0.0134 -0.0171 -0.0205 -15.0948 1.5910 0 0 0 0 0 0 1.0809 0.5373
0 0 I F -0.0181 -0.0203 -0.0220 -17.5119 2.0594 0 0 0 0 0 0 1.2505 0.5259
